c-10.49,0,-19.5401,-0.29,0.03,0.500001,1.81,1.1,1,
c8.60002,0,-19.5501,-0.18,-0.44,-0.100014,2.08,1.01,0.98,
P-2.75,0.09,19.9401,-0.03,0,-0.399998,1,1,1,
c-11.1201,0,19.6801,0.3,0.19,0.199998,1.61,0.91,1.01,
c10.83,0,19.6201,0.1,0.03,-0.200006,1.72,0.91,1,
C-13.4,0.1,-9.19001,0,0,0.5,1.3,1.03,1,
C-13.38,0.1,-6.26003,-0.26,90.19,0.1,1.29,1.09,1,
B8.74002,0.0600001,-0.53,0.130009,86.84,0.7,1,1,1,
B8.52004,0.0599997,-0.49,6.48,88.0201,-5.5,1,1,1,
A11.35,0,0.89,-0.950003,87.0499,0.8,1.43,0.97,0.99,
A1.66,0,-13.96,-90,0,0,0.0004,0.0004,0.0004,
A6,0,-16.45,-90,0,0,0.0004,0.0004,0.0004,
A2.66,0.129999,-13.96,-90,0,0,0.0004,0.0004,0.0004,
A9.9,0,-16.45,-90,0,0,0.0004,0.0004,0.0004,
A4,0,-13.96,-90,0,0,0.0004,0.0004,0.0004,
A-11.9,0,-16.45,-90,0,0,0.0004,0.0004,0.0004,
A-6.9,0,-16.45,-90,0,0,0.0004,0.0004,0.0004,
A-3.9,0,-16.45,-90,0,0,0.0004,0.0004,0.0004,
A3.9,0,-16.45,-90,0,0,0.0004,0.0004,0.0004,
I1.9,0,-16.45,-90,0,0,0.0004,0.0004,0.0004,
c-19.4201,0,0.6,0.36,90.539,-0.200028,3.89,1.16,1,
c19.4902,0,0.909999,-3.99999,90.7899,4,3.91,0.94,1,
A-16.9901,0,13.0701,-90,0,0,0.0004,0.0004,0.0004,
A-12.84,0,14.8201,-90,0,0,0.0004,0.0004,0.0004,
A-15.9801,0,5.35002,-90,0,0,0.0004,0.0004,0.0004,
A-14.2201,0,10.32,-90,0,0,0.0004,0.0004,0.0004,
A-12.13,0,11.9401,-90,0,0,0.0004,0.0004,0.0004,
A-11.46,0,4.21,-90,0,0,0.0004,0.0004,0.0004,
A-6.96001,0,14.7301,-90,0,0,0.0004,0.0004,0.0004,
A-7.52002,0,9.74003,-90,0,0,0.0004,0.0004,0.0004,
A16.9901,0,13.0701,-90,0,0,0.0004,0.0004,0.0004,
A12.84,0,14.8201,-90,0,0,0.0004,0.0004,0.0004,
A15.9801,0,5.35002,-90,0,0,0.0004,0.0004,0.0004,
A15.2201,0,10.32,-90,0,0,0.0004,0.0004,0.0004,
A11.13,0,11.9401,-90,0,0,0.0004,0.0004,0.0004,
A11.46,0,4.21,-90,0,0,0.0004,0.0004,0.0004,
A6.96001,0,14.7301,-90,0,0,0.0004,0.0004,0.0004,
A7.52002,0,9.74003,-90,0,0,0.0004,0.0004,0.0004,
